10 10
0.658 0.371 0.232 0.945 0.814 0.527 0.388 0.101 0.954 0.667 
0.531 0.242 0.105 0.816 0.687 0.398 0.261 0.972 0.827 0.538 
0.4 0.113 0.978 0.691 0.556 0.269 0.134 0.847 0.696 0.409 
0.273 0.984 0.851 0.562 0.429 0.14 0.007 0.718 0.569 0.28 
0.174 0.887 0.748 0.461 0.322 0.035 0.896 0.609 0.47 0.183 
0.047 0.758 0.621 0.332 0.195 0.906 0.769 0.48 0.343 0.054 
0.916 0.629 0.494 0.207 0.064 0.777 0.642 0.355 0.212 0.925 
0.789 0.5 0.367 0.078 0.937 0.648 0.515 0.226 0.085 0.796 
0.674 0.387 0.248 0.961 0.83 0.543 0.404 0.117 0.986 0.699 
0.547 0.258 0.121 0.832 0.703 0.414 0.277 0.988 0.859 0.57 
