64 64
0.666 0.955 0.24 0.529 0.822 0.111 0.396 0.685 0.978 0.267 0.552 0.841 0.134 0.423 0.708 0.997 0.042 0.331 0.616 0.905 0.198 0.487 0.772 0.061 0.354 0.643 0.928 0.217 0.51 0.799 0.084 0.373 0.914 0.203 0.488 0.777 0.07 0.359 0.644 0.933 0.226 0.515 0.8 0.089 0.382 0.671 0.956 0.245 0.29 0.579 0.864 0.153 0.446 0.735 0.02 0.309 0.602 0.891 0.176 0.465 0.758 0.047 0.332 0.621 
0.539 0.826 0.113 0.4 0.695 0.982 0.269 0.556 0.851 0.138 0.425 0.712 0.007 0.294 0.581 0.868 0.915 0.202 0.489 0.776 0.071 0.358 0.645 0.932 0.227 0.514 0.801 0.088 0.383 0.67 0.957 0.244 0.787 0.074 0.361 0.648 0.943 0.23 0.517 0.804 0.099 0.386 0.673 0.96 0.255 0.542 0.829 0.116 0.163 0.45 0.737 0.024 0.319 0.606 0.893 0.18 0.475 0.762 0.049 0.336 0.631 0.918 0.205 0.492 
0.92 0.209 0.498 0.787 0.076 0.365 0.654 0.943 0.232 0.521 0.81 0.099 0.388 0.677 0.966 0.255 0.296 0.585 0.874 0.163 0.452 0.741 0.03 0.319 0.608 0.897 0.186 0.475 0.764 0.053 0.342 0.631 0.168 0.457 0.746 0.035 0.324 0.613 0.902 0.191 0.48 0.769 0.058 0.347 0.636 0.925 0.214 0.503 0.544 0.833 0.122 0.411 0.7 0.989 0.278 0.567 0.856 0.145 0.434 0.723 0.012 0.301 0.59 0.879 
0.793 0.08 0.371 0.658 0.949 0.236 0.527 0.814 0.105 0.392 0.683 0.97 0.261 0.548 0.839 0.126 0.169 0.456 0.747 0.034 0.325 0.612 0.903 0.19 0.481 0.768 0.059 0.346 0.637 0.924 0.215 0.502 0.041 0.328 0.619 0.906 0.197 0.484 0.775 0.062 0.353 0.64 0.931 0.218 0.509 0.796 0.087 0.374 0.417 0.704 0.995 0.282 0.573 0.86 0.151 0.438 0.729 0.016 0.307 0.594 0.885 0.172 0.463 0.75 
0.182 0.471 0.756 0.045 0.33 0.619 0.904 0.193 0.494 0.783 0.068 0.357 0.642 0.931 0.216 0.505 0.558 0.847 0.132 0.421 0.706 0.995 0.28 0.569 0.87 0.159 0.444 0.733 0.018 0.307 0.592 0.881 0.43 0.719 0.004 0.293 0.578 0.867 0.152 0.441 0.742 0.031 0.316 0.605 0.89 0.179 0.464 0.753 0.806 0.095 0.38 0.669 0.954 0.243 0.528 0.817 0.118 0.407 0.692 0.981 0.266 0.555 0.84 0.129 
0.055 0.342 0.629 0.916 0.203 0.49 0.777 0.064 0.367 0.654 0.941 0.228 0.515 0.802 0.089 0.376 0.431 0.718 0.005 0.292 0.579 0.866 0.153 0.44 0.743 0.03 0.317 0.604 0.891 0.178 0.465 0.752 0.303 0.59 0.877 0.164 0.451 0.738 0.025 0.312 0.615 0.902 0.189 0.476 0.763 0.05 0.337 0.624 0.679 0.966 0.253 0.54 0.827 0.114 0.401 0.688 0.991 0.278 0.565 0.852 0.139 0.426 0.713 0 
0.436 0.725 0.014 0.303 0.584 0.873 0.162 0.451 0.748 0.037 0.326 0.615 0.896 0.185 0.474 0.763 0.812 0.101 0.39 0.679 0.96 0.249 0.538 0.827 0.124 0.413 0.702 0.991 0.272 0.561 0.85 0.139 0.684 0.973 0.262 0.551 0.832 0.121 0.41 0.699 0.996 0.285 0.574 0.863 0.144 0.433 0.722 0.011 0.06 0.349 0.638 0.927 0.208 0.497 0.786 0.075 0.372 0.661 0.95 0.239 0.52 0.809 0.098 0.387 
0.309 0.596 0.887 0.174 0.457 0.744 0.035 0.322 0.621 0.908 0.199 0.486 0.769 0.056 0.347 0.634 0.685 0.972 0.263 0.55 0.833 0.12 0.411 0.698 0.997 0.284 0.575 0.862 0.145 0.432 0.723 0.01 0.557 0.844 0.135 0.422 0.705 0.992 0.283 0.57 0.869 0.156 0.447 0.734 0.017 0.304 0.595 0.882 0.933 0.22 0.511 0.798 0.081 0.368 0.659 0.946 0.245 0.532 0.823 0.11 0.393 0.68 0.971 0.258 
0.698 0.987 0.272 0.561 0.854 0.143 0.428 0.717 0.994 0.283 0.568 0.857 0.15 0.439 0.724 0.013 0.074 0.363 0.648 0.937 0.23 0.519 0.804 0.093 0.37 0.659 0.944 0.233 0.526 0.815 0.1 0.389 0.946 0.235 0.52 0.809 0.102 0.391 0.676 0.965 0.242 0.531 0.816 0.105 0.398 0.687 0.972 0.261 0.322 0.611 0.896 0.185 0.478 0.767 0.052 0.341 0.618 0.907 0.192 0.481 0.774 0.063 0.348 0.637 
0.571 0.858 0.145 0.432 0.727 0.014 0.301 0.588 0.867 0.154 0.441 0.728 0.023 0.31 0.597 0.884 0.947 0.234 0.521 0.808 0.103 0.39 0.677 0.964 0.243 0.53 0.817 0.104 0.399 0.686 0.973 0.26 0.819 0.106 0.393 0.68 0.975 0.262 0.549 0.836 0.115 0.402 0.689 0.976 0.271 0.558 0.845 0.132 0.195 0.482 0.769 0.056 0.351 0.638 0.925 0.212 0.491 0.778 0.065 0.352 0.647 0.934 0.221 0.508 
0.952 0.241 0.53 0.819 0.108 0.397 0.686 0.975 0.248 0.537 0.826 0.115 0.404 0.693 0.982 0.271 0.328 0.617 0.906 0.195 0.484 0.773 0.062 0.351 0.624 0.913 0.202 0.491 0.78 0.069 0.358 0.647 0.2 0.489 0.778 0.067 0.356 0.645 0.934 0.223 0.496 0.785 0.074 0.363 0.652 0.941 0.23 0.519 0.576 0.865 0.154 0.443 0.732 0.021 0.31 0.599 0.872 0.161 0.45 0.739 0.028 0.317 0.606 0.895 
0.825 0.112 0.403 0.69 0.981 0.268 0.559 0.846 0.121 0.408 0.699 0.986 0.277 0.564 0.855 0.142 0.201 0.488 0.779 0.066 0.357 0.644 0.935 0.222 0.497 0.784 0.075 0.362 0.653 0.94 0.231 0.518 0.073 0.36 0.651 0.938 0.229 0.516 0.807 0.094 0.369 0.656 0.947 0.234 0.525 0.812 0.103 0.39 0.449 0.736 0.027 0.314 0.605 0.892 0.183 0.47 0.745 0.032 0.323 0.61 0.901 0.188 0.479 0.766 
0.214 0.503 0.788 0.077 0.362 0.651 0.936 0.225 0.51 0.799 0.084 0.373 0.658 0.947 0.232 0.521 0.59 0.879 0.164 0.453 0.738 0.027 0.312 0.601 0.886 0.175 0.46 0.749 0.034 0.323 0.608 0.897 0.462 0.751 0.036 0.325 0.61 0.899 0.184 0.473 0.758 0.047 0.332 0.621 0.906 0.195 0.48 0.769 0.838 0.127 0.412 0.701 0.986 0.275 0.56 0.849 0.134 0.423 0.708 0.997 0.282 0.571 0.856 0.145 
0.087 0.374 0.661 0.948 0.235 0.522 0.809 0.096 0.383 0.67 0.957 0.244 0.531 0.818 0.105 0.392 0.463 0.75 0.037 0.324 0.611 0.898 0.185 0.472 0.759 0.046 0.333 0.62 0.907 0.194 0.481 0.768 0.335 0.622 0.909 0.196 0.483 0.77 0.057 0.344 0.631 0.918 0.205 0.492 0.779 0.066 0.353 0.64 0.711 0.998 0.285 0.572 0.859 0.146 0.433 0.72 0.007 0.294 0.581 0.868 0.155 0.442 0.729 0.016 
0.468 0.757 0.046 0.335 0.616 0.905 0.194 0.483 0.764 0.053 0.342 0.631 0.912 0.201 0.49 0.779 0.844 0.133 0.422 0.711 0.992 0.281 0.57 0.859 0.14 0.429 0.718 0.007 0.288 0.577 0.866 0.155 0.716 0.005 0.294 0.583 0.864 0.153 0.442 0.731 0.012 0.301 0.59 0.879 0.16 0.449 0.738 0.027 0.092 0.381 0.67 0.959 0.24 0.529 0.818 0.107 0.388 0.677 0.966 0.255 0.536 0.825 0.114 0.403 
0.341 0.628 0.919 0.206 0.489 0.776 0.067 0.354 0.637 0.924 0.215 0.502 0.785 0.072 0.363 0.65 0.717 0.004 0.295 0.582 0.865 0.152 0.443 0.73 0.013 0.3 0.591 0.878 0.161 0.448 0.739 0.026 0.589 0.876 0.167 0.454 0.737 0.024 0.315 0.602 0.885 0.172 0.463 0.75 0.033 0.32 0.611 0.898 0.965 0.252 0.543 0.83 0.113 0.4 0.691 0.978 0.261 0.548 0.839 0.126 0.409 0.696 0.987 0.274 
0.698 0.987 0.272 0.561 0.854 0.143 0.428 0.717 0.01 0.299 0.584 0.873 0.166 0.455 0.74 0.029 0.106 0.395 0.68 0.969 0.262 0.551 0.836 0.125 0.418 0.707 0.992 0.281 0.574 0.863 0.148 0.437 0.946 0.235 0.52 0.809 0.102 0.391 0.676 0.965 0.258 0.547 0.832 0.121 0.414 0.703 0.988 0.277 0.354 0.643 0.928 0.217 0.51 0.799 0.084 0.373 0.666 0.955 0.24 0.529 0.822 0.111 0.396 0.685 
0.571 0.858 0.145 0.432 0.727 0.014 0.301 0.588 0.883 0.17 0.457 0.744 0.039 0.326 0.613 0.9 0.979 0.266 0.553 0.84 0.135 0.422 0.709 0.996 0.291 0.578 0.865 0.152 0.447 0.734 0.021 0.308 0.819 0.106 0.393 0.68 0.975 0.262 0.549 0.836 0.131 0.418 0.705 0.992 0.287 0.574 0.861 0.148 0.227 0.514 0.801 0.088 0.383 0.67 0.957 0.244 0.539 0.826 0.113 0.4 0.695 0.982 0.269 0.556 
0.952 0.241 0.53 0.819 0.108 0.397 0.686 0.975 0.264 0.553 0.842 0.131 0.42 0.709 0.998 0.287 0.36 0.649 0.938 0.227 0.516 0.805 0.094 0.383 0.672 0.961 0.25 0.539 0.828 0.117 0.406 0.695 0.2 0.489 0.778 0.067 0.356 0.645 0.934 0.223 0.512 0.801 0.09 0.379 0.668 0.957 0.246 0.535 0.608 0.897 0.186 0.475 0.764 0.053 0.342 0.631 0.92 0.209 0.498 0.787 0.076 0.365 0.654 0.943 
0.825 0.112 0.403 0.69 0.981 0.268 0.559 0.846 0.137 0.424 0.715 0.002 0.293 0.58 0.871 0.158 0.233 0.52 0.811 0.098 0.389 0.676 0.967 0.254 0.545 0.832 0.123 0.41 0.701 0.988 0.279 0.566 0.073 0.36 0.651 0.938 0.229 0.516 0.807 0.094 0.385 0.672 0.963 0.25 0.541 0.828 0.119 0.406 0.481 0.768 0.059 0.346 0.637 0.924 0.215 0.502 0.793 0.08 0.371 0.658 0.949 0.236 0.527 0.814 
0.214 0.503 0.788 0.077 0.362 0.651 0.936 0.225 0.526 0.815 0.1 0.389 0.674 0.963 0.248 0.537 0.622 0.911 0.196 0.485 0.77 0.059 0.344 0.633 0.934 0.223 0.508 0.797 0.082 0.371 0.656 0.945 0.462 0.751 0.036 0.325 0.61 0.899 0.184 0.473 0.774 0.063 0.348 0.637 0.922 0.211 0.496 0.785 0.87 0.159 0.444 0.733 0.018 0.307 0.592 0.881 0.182 0.471 0.756 0.045 0.33 0.619 0.904 0.193 
0.087 0.374 0.661 0.948 0.235 0.522 0.809 0.096 0.399 0.686 0.973 0.26 0.547 0.834 0.121 0.408 0.495 0.782 0.069 0.356 0.643 0.93 0.217 0.504 0.807 0.094 0.381 0.668 0.955 0.242 0.529 0.816 0.335 0.622 0.909 0.196 0.483 0.77 0.057 0.344 0.647 0.934 0.221 0.508 0.795 0.082 0.369 0.656 0.743 0.03 0.317 0.604 0.891 0.178 0.465 0.752 0.055 0.342 0.629 0.916 0.203 0.49 0.777 0.064 
0.468 0.757 0.046 0.335 0.616 0.905 0.194 0.483 0.78 0.069 0.358 0.647 0.928 0.217 0.506 0.795 0.876 0.165 0.454 0.743 0.024 0.313 0.602 0.891 0.188 0.477 0.766 0.055 0.336 0.625 0.914 0.203 0.716 0.005 0.294 0.583 0.864 0.153 0.442 0.731 0.028 0.317 0.606 0.895 0.176 0.465 0.754 0.043 0.124 0.413 0.702 0.991 0.272 0.561 0.85 0.139 0.436 0.725 0.014 0.303 0.584 0.873 0.162 0.451 
0.341 0.628 0.919 0.206 0.489 0.776 0.067 0.354 0.653 0.94 0.231 0.518 0.801 0.088 0.379 0.666 0.749 0.036 0.327 0.614 0.897 0.184 0.475 0.762 0.061 0.348 0.639 0.926 0.209 0.496 0.787 0.074 0.589 0.876 0.167 0.454 0.737 0.024 0.315 0.602 0.901 0.188 0.479 0.766 0.049 0.336 0.627 0.914 0.997 0.284 0.575 0.862 0.145 0.432 0.723 0.01 0.309 0.596 0.887 0.174 0.457 0.744 0.035 0.322 
0.73 0.019 0.304 0.593 0.886 0.175 0.46 0.749 0.026 0.315 0.6 0.889 0.182 0.471 0.756 0.045 0.138 0.427 0.712 0.001 0.294 0.583 0.868 0.157 0.434 0.723 0.008 0.297 0.59 0.879 0.164 0.453 0.978 0.267 0.552 0.841 0.134 0.423 0.708 0.997 0.274 0.563 0.848 0.137 0.43 0.719 0.004 0.293 0.386 0.675 0.96 0.249 0.542 0.831 0.116 0.405 0.682 0.971 0.256 0.545 0.838 0.127 0.412 0.701 
0.603 0.89 0.177 0.464 0.759 0.046 0.333 0.62 0.899 0.186 0.473 0.76 0.055 0.342 0.629 0.916 0.011 0.298 0.585 0.872 0.167 0.454 0.741 0.028 0.307 0.594 0.881 0.168 0.463 0.75 0.037 0.324 0.851 0.138 0.425 0.712 0.007 0.294 0.581 0.868 0.147 0.434 0.721 0.008 0.303 0.59 0.877 0.164 0.259 0.546 0.833 0.12 0.415 0.702 0.989 0.276 0.555 0.842 0.129 0.416 0.711 0.998 0.285 0.572 
0.984 0.273 0.562 0.851 0.14 0.429 0.718 0.007 0.28 0.569 0.858 0.147 0.436 0.725 0.014 0.303 0.392 0.681 0.97 0.259 0.548 0.837 0.126 0.415 0.688 0.977 0.266 0.555 0.844 0.133 0.422 0.711 0.232 0.521 0.81 0.099 0.388 0.677 0.966 0.255 0.528 0.817 0.106 0.395 0.684 0.973 0.262 0.551 0.64 0.929 0.218 0.507 0.796 0.085 0.374 0.663 0.936 0.225 0.514 0.803 0.092 0.381 0.67 0.959 
0.857 0.144 0.435 0.722 0.013 0.3 0.591 0.878 0.153 0.44 0.731 0.018 0.309 0.596 0.887 0.174 0.265 0.552 0.843 0.13 0.421 0.708 0.999 0.286 0.561 0.848 0.139 0.426 0.717 0.004 0.295 0.582 0.105 0.392 0.683 0.97 0.261 0.548 0.839 0.126 0.401 0.688 0.979 0.266 0.557 0.844 0.135 0.422 0.513 0.8 0.091 0.378 0.669 0.956 0.247 0.534 0.809 0.096 0.387 0.674 0.965 0.252 0.543 0.83 
0.246 0.535 0.82 0.109 0.394 0.683 0.968 0.257 0.542 0.831 0.116 0.405 0.69 0.979 0.264 0.553 0.654 0.943 0.228 0.517 0.802 0.091 0.376 0.665 0.95 0.239 0.524 0.813 0.098 0.387 0.672 0.961 0.494 0.783 0.068 0.357 0.642 0.931 0.216 0.505 0.79 0.079 0.364 0.653 0.938 0.227 0.512 0.801 0.902 0.191 0.476 0.765 0.05 0.339 0.624 0.913 0.198 0.487 0.772 0.061 0.346 0.635 0.92 0.209 
0.119 0.406 0.693 0.98 0.267 0.554 0.841 0.128 0.415 0.702 0.989 0.276 0.563 0.85 0.137 0.424 0.527 0.814 0.101 0.388 0.675 0.962 0.249 0.536 0.823 0.11 0.397 0.684 0.971 0.258 0.545 0.832 0.367 0.654 0.941 0.228 0.515 0.802 0.089 0.376 0.663 0.95 0.237 0.524 0.811 0.098 0.385 0.672 0.775 0.062 0.349 0.636 0.923 0.21 0.497 0.784 0.071 0.358 0.645 0.932 0.219 0.506 0.793 0.08 
0.5 0.789 0.078 0.367 0.648 0.937 0.226 0.515 0.796 0.085 0.374 0.663 0.944 0.233 0.522 0.811 0.908 0.197 0.486 0.775 0.056 0.345 0.634 0.923 0.204 0.493 0.782 0.071 0.352 0.641 0.93 0.219 0.748 0.037 0.326 0.615 0.896 0.185 0.474 0.763 0.044 0.333 0.622 0.911 0.192 0.481 0.77 0.059 0.156 0.445 0.734 0.023 0.304 0.593 0.882 0.171 0.452 0.741 0.03 0.319 0.6 0.889 0.178 0.467 
0.373 0.66 0.951 0.238 0.521 0.808 0.099 0.386 0.669 0.956 0.247 0.534 0.817 0.104 0.395 0.682 0.781 0.068 0.359 0.646 0.929 0.216 0.507 0.794 0.077 0.364 0.655 0.942 0.225 0.512 0.803 0.09 0.621 0.908 0.199 0.486 0.769 0.056 0.347 0.634 0.917 0.204 0.495 0.782 0.065 0.352 0.643 0.93 0.029 0.316 0.607 0.894 0.177 0.464 0.755 0.042 0.325 0.612 0.903 0.19 0.473 0.76 0.051 0.338 
0.794 0.083 0.368 0.657 0.95 0.239 0.524 0.813 0.106 0.395 0.68 0.969 0.262 0.551 0.836 0.125 0.17 0.459 0.744 0.033 0.326 0.615 0.9 0.189 0.482 0.771 0.056 0.345 0.638 0.927 0.212 0.501 0.978 0.267 0.552 0.841 0.134 0.423 0.708 0.997 0.29 0.579 0.864 0.153 0.446 0.735 0.02 0.309 0.354 0.643 0.928 0.217 0.51 0.799 0.084 0.373 0.666 0.955 0.24 0.529 0.822 0.111 0.396 0.685 
0.667 0.954 0.241 0.528 0.823 0.11 0.397 0.684 0.979 0.266 0.553 0.84 0.135 0.422 0.709 0.996 0.043 0.33 0.617 0.904 0.199 0.486 0.773 0.06 0.355 0.642 0.929 0.216 0.511 0.798 0.085 0.372 0.851 0.138 0.425 0.712 0.007 0.294 0.581 0.868 0.163 0.45 0.737 0.024 0.319 0.606 0.893 0.18 0.227 0.514 0.801 0.088 0.383 0.67 0.957 0.244 0.539 0.826 0.113 0.4 0.695 0.982 0.269 0.556 
0.048 0.337 0.626 0.915 0.204 0.493 0.782 0.071 0.36 0.649 0.938 0.227 0.516 0.805 0.094 0.383 0.424 0.713 0.002 0.291 0.58 0.869 0.158 0.447 0.736 0.025 0.314 0.603 0.892 0.181 0.47 0.759 0.232 0.521 0.81 0.099 0.388 0.677 0.966 0.255 0.544 0.833 0.122 0.411 0.7 0.989 0.278 0.567 0.608 0.897 0.186 0.475 0.764 0.053 0.342 0.631 0.92 0.209 0.498 0.787 0.076 0.365 0.654 0.943 
0.921 0.208 0.499 0.786 0.077 0.364 0.655 0.942 0.233 0.52 0.811 0.098 0.389 0.676 0.967 0.254 0.297 0.584 0.875 0.162 0.453 0.74 0.031 0.318 0.609 0.896 0.187 0.474 0.765 0.052 0.343 0.63 0.105 0.392 0.683 0.97 0.261 0.548 0.839 0.126 0.417 0.704 0.995 0.282 0.573 0.86 0.151 0.438 0.481 0.768 0.059 0.346 0.637 0.924 0.215 0.502 0.793 0.08 0.371 0.658 0.949 0.236 0.527 0.814 
0.31 0.599 0.884 0.173 0.458 0.747 0.032 0.321 0.622 0.911 0.196 0.485 0.77 0.059 0.344 0.633 0.686 0.975 0.26 0.549 0.834 0.123 0.408 0.697 0.998 0.287 0.572 0.861 0.146 0.435 0.72 0.009 0.494 0.783 0.068 0.357 0.642 0.931 0.216 0.505 0.806 0.095 0.38 0.669 0.954 0.243 0.528 0.817 0.87 0.159 0.444 0.733 0.018 0.307 0.592 0.881 0.182 0.471 0.756 0.045 0.33 0.619 0.904 0.193 
0.183 0.47 0.757 0.044 0.331 0.618 0.905 0.192 0.495 0.782 0.069 0.356 0.643 0.93 0.217 0.504 0.559 0.846 0.133 0.42 0.707 0.994 0.281 0.568 0.871 0.158 0.445 0.732 0.019 0.306 0.593 0.88 0.367 0.654 0.941 0.228 0.515 0.802 0.089 0.376 0.679 0.966 0.253 0.54 0.827 0.114 0.401 0.688 0.743 0.03 0.317 0.604 0.891 0.178 0.465 0.752 0.055 0.342 0.629 0.916 0.203 0.49 0.777 0.064 
0.564 0.853 0.142 0.431 0.712 0.001 0.29 0.579 0.876 0.165 0.454 0.743 0.024 0.313 0.602 0.891 0.94 0.229 0.518 0.807 0.088 0.377 0.666 0.955 0.252 0.541 0.83 0.119 0.4 0.689 0.978 0.267 0.748 0.037 0.326 0.615 0.896 0.185 0.474 0.763 0.06 0.349 0.638 0.927 0.208 0.497 0.786 0.075 0.124 0.413 0.702 0.991 0.272 0.561 0.85 0.139 0.436 0.725 0.014 0.303 0.584 0.873 0.162 0.451 
0.437 0.724 0.015 0.302 0.585 0.872 0.163 0.45 0.749 0.036 0.327 0.614 0.897 0.184 0.475 0.762 0.813 0.1 0.391 0.678 0.961 0.248 0.539 0.826 0.125 0.412 0.703 0.99 0.273 0.56 0.851 0.138 0.621 0.908 0.199 0.486 0.769 0.056 0.347 0.634 0.933 0.22 0.511 0.798 0.081 0.368 0.659 0.946 0.997 0.284 0.575 0.862 0.145 0.432 0.723 0.01 0.309 0.596 0.887 0.174 0.457 0.744 0.035 0.322 
0.826 0.115 0.4 0.689 0.982 0.271 0.556 0.845 0.122 0.411 0.696 0.985 0.278 0.567 0.852 0.141 0.202 0.491 0.776 0.065 0.358 0.647 0.932 0.221 0.498 0.787 0.072 0.361 0.654 0.943 0.228 0.517 0.01 0.299 0.584 0.873 0.166 0.455 0.74 0.029 0.306 0.595 0.88 0.169 0.462 0.751 0.036 0.325 0.386 0.675 0.96 0.249 0.542 0.831 0.116 0.405 0.682 0.971 0.256 0.545 0.838 0.127 0.412 0.701 
0.699 0.986 0.273 0.56 0.855 0.142 0.429 0.716 0.995 0.282 0.569 0.856 0.151 0.438 0.725 0.012 0.075 0.362 0.649 0.936 0.231 0.518 0.805 0.092 0.371 0.658 0.945 0.232 0.527 0.814 0.101 0.388 0.883 0.17 0.457 0.744 0.039 0.326 0.613 0.9 0.179 0.466 0.753 0.04 0.335 0.622 0.909 0.196 0.259 0.546 0.833 0.12 0.415 0.702 0.989 0.276 0.555 0.842 0.129 0.416 0.711 0.998 0.285 0.572 
0.08 0.369 0.658 0.947 0.236 0.525 0.814 0.103 0.376 0.665 0.954 0.243 0.532 0.821 0.11 0.399 0.456 0.745 0.034 0.323 0.612 0.901 0.19 0.479 0.752 0.041 0.33 0.619 0.908 0.197 0.486 0.775 0.264 0.553 0.842 0.131 0.42 0.709 0.998 0.287 0.56 0.849 0.138 0.427 0.716 0.005 0.294 0.583 0.64 0.929 0.218 0.507 0.796 0.085 0.374 0.663 0.936 0.225 0.514 0.803 0.092 0.381 0.67 0.959 
0.953 0.24 0.531 0.818 0.109 0.396 0.687 0.974 0.249 0.536 0.827 0.114 0.405 0.692 0.983 0.27 0.329 0.616 0.907 0.194 0.485 0.772 0.063 0.35 0.625 0.912 0.203 0.49 0.781 0.068 0.359 0.646 0.137 0.424 0.715 0.002 0.293 0.58 0.871 0.158 0.433 0.72 0.011 0.298 0.589 0.876 0.167 0.454 0.513 0.8 0.091 0.378 0.669 0.956 0.247 0.534 0.809 0.096 0.387 0.674 0.965 0.252 0.543 0.83 
0.342 0.631 0.916 0.205 0.49 0.779 0.064 0.353 0.638 0.927 0.212 0.501 0.786 0.075 0.36 0.649 0.718 0.007 0.292 0.581 0.866 0.155 0.44 0.729 0.014 0.303 0.588 0.877 0.162 0.451 0.736 0.025 0.526 0.815 0.1 0.389 0.674 0.963 0.248 0.537 0.822 0.111 0.396 0.685 0.97 0.259 0.544 0.833 0.902 0.191 0.476 0.765 0.05 0.339 0.624 0.913 0.198 0.487 0.772 0.061 0.346 0.635 0.92 0.209 
0.215 0.502 0.789 0.076 0.363 0.65 0.937 0.224 0.511 0.798 0.085 0.372 0.659 0.946 0.233 0.52 0.591 0.878 0.165 0.452 0.739 0.026 0.313 0.6 0.887 0.174 0.461 0.748 0.035 0.322 0.609 0.896 0.399 0.686 0.973 0.26 0.547 0.834 0.121 0.408 0.695 0.982 0.269 0.556 0.843 0.13 0.417 0.704 0.775 0.062 0.349 0.636 0.923 0.21 0.497 0.784 0.071 0.358 0.645 0.932 0.219 0.506 0.793 0.08 
0.596 0.885 0.174 0.463 0.744 0.033 0.322 0.611 0.892 0.181 0.47 0.759 0.04 0.329 0.618 0.907 0.972 0.261 0.55 0.839 0.12 0.409 0.698 0.987 0.268 0.557 0.846 0.135 0.416 0.705 0.994 0.283 0.78 0.069 0.358 0.647 0.928 0.217 0.506 0.795 0.076 0.365 0.654 0.943 0.224 0.513 0.802 0.091 0.156 0.445 0.734 0.023 0.304 0.593 0.882 0.171 0.452 0.741 0.03 0.319 0.6 0.889 0.178 0.467 
0.469 0.756 0.047 0.334 0.617 0.904 0.195 0.482 0.765 0.052 0.343 0.63 0.913 0.2 0.491 0.778 0.845 0.132 0.423 0.71 0.993 0.28 0.571 0.858 0.141 0.428 0.719 0.006 0.289 0.576 0.867 0.154 0.653 0.94 0.231 0.518 0.801 0.088 0.379 0.666 0.949 0.236 0.527 0.814 0.097 0.384 0.675 0.962 0.029 0.316 0.607 0.894 0.177 0.464 0.755 0.042 0.325 0.612 0.903 0.19 0.473 0.76 0.051 0.338 
0.826 0.115 0.4 0.689 0.982 0.271 0.556 0.845 0.138 0.427 0.712 0.001 0.294 0.583 0.868 0.157 0.234 0.523 0.808 0.097 0.39 0.679 0.964 0.253 0.546 0.835 0.12 0.409 0.702 0.991 0.276 0.565 0.01 0.299 0.584 0.873 0.166 0.455 0.74 0.029 0.322 0.611 0.896 0.185 0.478 0.767 0.052 0.341 0.418 0.707 0.992 0.281 0.574 0.863 0.148 0.437 0.73 0.019 0.304 0.593 0.886 0.175 0.46 0.749 
0.699 0.986 0.273 0.56 0.855 0.142 0.429 0.716 0.011 0.298 0.585 0.872 0.167 0.454 0.741 0.028 0.107 0.394 0.681 0.968 0.263 0.55 0.837 0.124 0.419 0.706 0.993 0.28 0.575 0.862 0.149 0.436 0.883 0.17 0.457 0.744 0.039 0.326 0.613 0.9 0.195 0.482 0.769 0.056 0.351 0.638 0.925 0.212 0.291 0.578 0.865 0.152 0.447 0.734 0.021 0.308 0.603 0.89 0.177 0.464 0.759 0.046 0.333 0.62 
0.08 0.369 0.658 0.947 0.236 0.525 0.814 0.103 0.392 0.681 0.97 0.259 0.548 0.837 0.126 0.415 0.488 0.777 0.066 0.355 0.644 0.933 0.222 0.511 0.8 0.089 0.378 0.667 0.956 0.245 0.534 0.823 0.264 0.553 0.842 0.131 0.42 0.709 0.998 0.287 0.576 0.865 0.154 0.443 0.732 0.021 0.31 0.599 0.672 0.961 0.25 0.539 0.828 0.117 0.406 0.695 0.984 0.273 0.562 0.851 0.14 0.429 0.718 0.007 
0.953 0.24 0.531 0.818 0.109 0.396 0.687 0.974 0.265 0.552 0.843 0.13 0.421 0.708 0.999 0.286 0.361 0.648 0.939 0.226 0.517 0.804 0.095 0.382 0.673 0.96 0.251 0.538 0.829 0.116 0.407 0.694 0.137 0.424 0.715 0.002 0.293 0.58 0.871 0.158 0.449 0.736 0.027 0.314 0.605 0.892 0.183 0.47 0.545 0.832 0.123 0.41 0.701 0.988 0.279 0.566 0.857 0.144 0.435 0.722 0.013 0.3 0.591 0.878 
0.342 0.631 0.916 0.205 0.49 0.779 0.064 0.353 0.654 0.943 0.228 0.517 0.802 0.091 0.376 0.665 0.75 0.039 0.324 0.613 0.898 0.187 0.472 0.761 0.062 0.351 0.636 0.925 0.21 0.499 0.784 0.073 0.526 0.815 0.1 0.389 0.674 0.963 0.248 0.537 0.838 0.127 0.412 0.701 0.986 0.275 0.56 0.849 0.934 0.223 0.508 0.797 0.082 0.371 0.656 0.945 0.246 0.535 0.82 0.109 0.394 0.683 0.968 0.257 
0.215 0.502 0.789 0.076 0.363 0.65 0.937 0.224 0.527 0.814 0.101 0.388 0.675 0.962 0.249 0.536 0.623 0.91 0.197 0.484 0.771 0.058 0.345 0.632 0.935 0.222 0.509 0.796 0.083 0.37 0.657 0.944 0.399 0.686 0.973 0.26 0.547 0.834 0.121 0.408 0.711 0.998 0.285 0.572 0.859 0.146 0.433 0.72 0.807 0.094 0.381 0.668 0.955 0.242 0.529 0.816 0.119 0.406 0.693 0.98 0.267 0.554 0.841 0.128 
0.596 0.885 0.174 0.463 0.744 0.033 0.322 0.611 0.908 0.197 0.486 0.775 0.056 0.345 0.634 0.923 0.004 0.293 0.582 0.871 0.152 0.441 0.73 0.019 0.316 0.605 0.894 0.183 0.464 0.753 0.042 0.331 0.78 0.069 0.358 0.647 0.928 0.217 0.506 0.795 0.092 0.381 0.67 0.959 0.24 0.529 0.818 0.107 0.188 0.477 0.766 0.055 0.336 0.625 0.914 0.203 0.5 0.789 0.078 0.367 0.648 0.937 0.226 0.515 
0.469 0.756 0.047 0.334 0.617 0.904 0.195 0.482 0.781 0.068 0.359 0.646 0.929 0.216 0.507 0.794 0.877 0.164 0.455 0.742 0.025 0.312 0.603 0.89 0.189 0.476 0.767 0.054 0.337 0.624 0.915 0.202 0.653 0.94 0.231 0.518 0.801 0.088 0.379 0.666 0.965 0.252 0.543 0.83 0.113 0.4 0.691 0.978 0.061 0.348 0.639 0.926 0.209 0.496 0.787 0.074 0.373 0.66 0.951 0.238 0.521 0.808 0.099 0.386 
0.858 0.147 0.432 0.721 0.014 0.303 0.588 0.877 0.154 0.443 0.728 0.017 0.31 0.599 0.884 0.173 0.266 0.555 0.84 0.129 0.422 0.711 0.996 0.285 0.562 0.851 0.136 0.425 0.718 0.007 0.292 0.581 0.042 0.331 0.616 0.905 0.198 0.487 0.772 0.061 0.338 0.627 0.912 0.201 0.494 0.783 0.068 0.357 0.45 0.739 0.024 0.313 0.606 0.895 0.18 0.469 0.746 0.035 0.32 0.609 0.902 0.191 0.476 0.765 
0.731 0.018 0.305 0.592 0.887 0.174 0.461 0.748 0.027 0.314 0.601 0.888 0.183 0.47 0.757 0.044 0.139 0.426 0.713 0 0.295 0.582 0.869 0.156 0.435 0.722 0.009 0.296 0.591 0.878 0.165 0.452 0.915 0.202 0.489 0.776 0.071 0.358 0.645 0.932 0.211 0.498 0.785 0.072 0.367 0.654 0.941 0.228 0.323 0.61 0.897 0.184 0.479 0.766 0.053 0.34 0.619 0.906 0.193 0.48 0.775 0.062 0.349 0.636 
0.112 0.401 0.69 0.979 0.268 0.557 0.846 0.135 0.408 0.697 0.986 0.275 0.564 0.853 0.142 0.431 0.52 0.809 0.098 0.387 0.676 0.965 0.254 0.543 0.816 0.105 0.394 0.683 0.972 0.261 0.55 0.839 0.296 0.585 0.874 0.163 0.452 0.741 0.03 0.319 0.592 0.881 0.17 0.459 0.748 0.037 0.326 0.615 0.704 0.993 0.282 0.571 0.86 0.149 0.438 0.727 0 0.289 0.578 0.867 0.156 0.445 0.734 0.023 
0.985 0.272 0.563 0.85 0.141 0.428 0.719 0.006 0.281 0.568 0.859 0.146 0.437 0.724 0.015 0.302 0.393 0.68 0.971 0.258 0.549 0.836 0.127 0.414 0.689 0.976 0.267 0.554 0.845 0.132 0.423 0.71 0.169 0.456 0.747 0.034 0.325 0.612 0.903 0.19 0.465 0.752 0.043 0.33 0.621 0.908 0.199 0.486 0.577 0.864 0.155 0.442 0.733 0.02 0.311 0.598 0.873 0.16 0.451 0.738 0.029 0.316 0.607 0.894 
0.374 0.663 0.948 0.237 0.522 0.811 0.096 0.385 0.67 0.959 0.244 0.533 0.818 0.107 0.392 0.681 0.782 0.071 0.356 0.645 0.93 0.219 0.504 0.793 0.078 0.367 0.652 0.941 0.226 0.515 0.8 0.089 0.558 0.847 0.132 0.421 0.706 0.995 0.28 0.569 0.854 0.143 0.428 0.717 0.002 0.291 0.576 0.865 0.966 0.255 0.54 0.829 0.114 0.403 0.688 0.977 0.262 0.551 0.836 0.125 0.41 0.699 0.984 0.273 
0.247 0.534 0.821 0.108 0.395 0.682 0.969 0.256 0.543 0.83 0.117 0.404 0.691 0.978 0.265 0.552 0.655 0.942 0.229 0.516 0.803 0.09 0.377 0.664 0.951 0.238 0.525 0.812 0.099 0.386 0.673 0.96 0.431 0.718 0.005 0.292 0.579 0.866 0.153 0.44 0.727 0.014 0.301 0.588 0.875 0.162 0.449 0.736 0.839 0.126 0.413 0.7 0.987 0.274 0.561 0.848 0.135 0.422 0.709 0.996 0.283 0.57 0.857 0.144 
0.628 0.917 0.206 0.495 0.776 0.065 0.354 0.643 0.924 0.213 0.502 0.791 0.072 0.361 0.65 0.939 0.036 0.325 0.614 0.903 0.184 0.473 0.762 0.051 0.332 0.621 0.91 0.199 0.48 0.769 0.058 0.347 0.812 0.101 0.39 0.679 0.96 0.249 0.538 0.827 0.108 0.397 0.686 0.975 0.256 0.545 0.834 0.123 0.22 0.509 0.798 0.087 0.368 0.657 0.946 0.235 0.516 0.805 0.094 0.383 0.664 0.953 0.242 0.531 
0.501 0.788 0.079 0.366 0.649 0.936 0.227 0.514 0.797 0.084 0.375 0.662 0.945 0.232 0.523 0.81 0.909 0.196 0.487 0.774 0.057 0.344 0.635 0.922 0.205 0.492 0.783 0.07 0.353 0.64 0.931 0.218 0.685 0.972 0.263 0.55 0.833 0.12 0.411 0.698 0.981 0.268 0.559 0.846 0.129 0.416 0.707 0.994 0.093 0.38 0.671 0.958 0.241 0.528 0.819 0.106 0.389 0.676 0.967 0.254 0.537 0.824 0.115 0.402 
