64 64
0.658 0.371 0.232 0.945 0.814 0.527 0.388 0.101 0.954 0.667 0.528 0.241 0.11 0.823 0.684 0.397 0.25 0.963 0.824 0.537 0.406 0.119 0.98 0.693 0.546 0.259 0.12 0.833 0.702 0.415 0.276 0.989 0.842 0.555 0.416 0.129 0.998 0.711 0.572 0.285 0.138 0.851 0.712 0.425 0.294 0.007 0.868 0.581 0.434 0.147 0.008 0.721 0.59 0.303 0.164 0.877 0.73 0.443 0.304 0.017 0.886 0.599 0.46 0.173 
0.531 0.242 0.105 0.816 0.687 0.398 0.261 0.972 0.827 0.538 0.401 0.112 0.983 0.694 0.557 0.268 0.123 0.834 0.697 0.408 0.279 0.99 0.853 0.564 0.419 0.13 0.993 0.704 0.575 0.286 0.149 0.86 0.715 0.426 0.289 0 0.871 0.582 0.445 0.156 0.011 0.722 0.585 0.296 0.167 0.878 0.741 0.452 0.307 0.018 0.881 0.592 0.463 0.174 0.037 0.748 0.603 0.314 0.177 0.888 0.759 0.47 0.333 0.044 
0.4 0.113 0.978 0.691 0.556 0.269 0.134 0.847 0.696 0.409 0.274 0.987 0.852 0.565 0.43 0.143 0.992 0.705 0.57 0.283 0.148 0.861 0.726 0.439 0.288 0.001 0.866 0.579 0.444 0.157 0.022 0.735 0.584 0.297 0.162 0.875 0.74 0.453 0.318 0.031 0.88 0.593 0.458 0.171 0.036 0.749 0.614 0.327 0.176 0.889 0.754 0.467 0.332 0.045 0.91 0.623 0.472 0.185 0.05 0.763 0.628 0.341 0.206 0.919 
0.273 0.984 0.851 0.562 0.429 0.14 0.007 0.718 0.569 0.28 0.147 0.858 0.725 0.436 0.303 0.014 0.865 0.576 0.443 0.154 0.021 0.732 0.599 0.31 0.161 0.872 0.739 0.45 0.317 0.028 0.895 0.606 0.457 0.168 0.035 0.746 0.613 0.324 0.191 0.902 0.753 0.464 0.331 0.042 0.909 0.62 0.487 0.198 0.049 0.76 0.627 0.338 0.205 0.916 0.783 0.494 0.345 0.056 0.923 0.634 0.501 0.212 0.079 0.79 
0.174 0.887 0.748 0.461 0.322 0.035 0.896 0.609 0.47 0.183 0.044 0.757 0.618 0.331 0.192 0.905 0.766 0.479 0.34 0.053 0.914 0.627 0.488 0.201 0.062 0.775 0.636 0.349 0.21 0.923 0.784 0.497 0.358 0.071 0.932 0.645 0.506 0.219 0.08 0.793 0.654 0.367 0.228 0.941 0.802 0.515 0.376 0.089 0.95 0.663 0.524 0.237 0.098 0.811 0.672 0.385 0.246 0.959 0.82 0.533 0.394 0.107 0.968 0.681 
0.047 0.758 0.621 0.332 0.195 0.906 0.769 0.48 0.343 0.054 0.917 0.628 0.491 0.202 0.065 0.776 0.639 0.35 0.213 0.924 0.787 0.498 0.361 0.072 0.935 0.646 0.509 0.22 0.083 0.794 0.657 0.368 0.231 0.942 0.805 0.516 0.379 0.09 0.953 0.664 0.527 0.238 0.101 0.812 0.675 0.386 0.249 0.96 0.823 0.534 0.397 0.108 0.971 0.682 0.545 0.256 0.119 0.83 0.693 0.404 0.267 0.978 0.841 0.552 
0.916 0.629 0.494 0.207 0.064 0.777 0.642 0.355 0.212 0.925 0.79 0.503 0.36 0.073 0.938 0.651 0.508 0.221 0.086 0.799 0.656 0.369 0.234 0.947 0.804 0.517 0.382 0.095 0.952 0.665 0.53 0.243 0.1 0.813 0.678 0.391 0.248 0.961 0.826 0.539 0.396 0.109 0.974 0.687 0.544 0.257 0.122 0.835 0.692 0.405 0.27 0.983 0.84 0.553 0.418 0.131 0.988 0.701 0.566 0.279 0.136 0.849 0.714 0.427 
0.789 0.5 0.367 0.078 0.937 0.648 0.515 0.226 0.085 0.796 0.663 0.374 0.233 0.944 0.811 0.522 0.381 0.092 0.959 0.67 0.529 0.24 0.107 0.818 0.677 0.388 0.255 0.966 0.825 0.536 0.403 0.114 0.973 0.684 0.551 0.262 0.121 0.832 0.699 0.41 0.269 0.98 0.847 0.558 0.417 0.128 0.995 0.706 0.565 0.276 0.143 0.854 0.713 0.424 0.291 0.002 0.861 0.572 0.439 0.15 0.009 0.72 0.587 0.298 
0.674 0.387 0.248 0.961 0.83 0.543 0.404 0.117 0.986 0.699 0.56 0.273 0.142 0.855 0.716 0.429 0.266 0.979 0.84 0.553 0.422 0.135 0.996 0.709 0.578 0.291 0.152 0.865 0.734 0.447 0.308 0.021 0.858 0.571 0.432 0.145 0.014 0.727 0.588 0.301 0.17 0.883 0.744 0.457 0.326 0.039 0.9 0.613 0.45 0.163 0.024 0.737 0.606 0.319 0.18 0.893 0.762 0.475 0.336 0.049 0.918 0.631 0.492 0.205 
0.547 0.258 0.121 0.832 0.703 0.414 0.277 0.988 0.859 0.57 0.433 0.144 0.015 0.726 0.589 0.3 0.139 0.85 0.713 0.424 0.295 0.006 0.869 0.58 0.451 0.162 0.025 0.736 0.607 0.318 0.181 0.892 0.731 0.442 0.305 0.016 0.887 0.598 0.461 0.172 0.043 0.754 0.617 0.328 0.199 0.91 0.773 0.484 0.323 0.034 0.897 0.608 0.479 0.19 0.053 0.764 0.635 0.346 0.209 0.92 0.791 0.502 0.365 0.076 
0.416 0.129 0.994 0.707 0.572 0.285 0.15 0.863 0.728 0.441 0.306 0.019 0.884 0.597 0.462 0.175 0.008 0.721 0.586 0.299 0.164 0.877 0.742 0.455 0.32 0.033 0.898 0.611 0.476 0.189 0.054 0.767 0.6 0.313 0.178 0.891 0.756 0.469 0.334 0.047 0.912 0.625 0.49 0.203 0.068 0.781 0.646 0.359 0.192 0.905 0.77 0.483 0.348 0.061 0.926 0.639 0.504 0.217 0.082 0.795 0.66 0.373 0.238 0.951 
0.289 0 0.867 0.578 0.445 0.156 0.023 0.734 0.601 0.312 0.179 0.89 0.757 0.468 0.335 0.046 0.881 0.592 0.459 0.17 0.037 0.748 0.615 0.326 0.193 0.904 0.771 0.482 0.349 0.06 0.927 0.638 0.473 0.184 0.051 0.762 0.629 0.34 0.207 0.918 0.785 0.496 0.363 0.074 0.941 0.652 0.519 0.23 0.065 0.776 0.643 0.354 0.221 0.932 0.799 0.51 0.377 0.088 0.955 0.666 0.533 0.244 0.111 0.822 
0.19 0.903 0.764 0.477 0.338 0.051 0.912 0.625 0.502 0.215 0.076 0.789 0.65 0.363 0.224 0.937 0.782 0.495 0.356 0.069 0.93 0.643 0.504 0.217 0.094 0.807 0.668 0.381 0.242 0.955 0.816 0.529 0.374 0.087 0.948 0.661 0.522 0.235 0.096 0.809 0.686 0.399 0.26 0.973 0.834 0.547 0.408 0.121 0.966 0.679 0.54 0.253 0.114 0.827 0.688 0.401 0.278 0.991 0.852 0.565 0.426 0.139 0 0.713 
0.063 0.774 0.637 0.348 0.211 0.922 0.785 0.496 0.375 0.086 0.949 0.66 0.523 0.234 0.097 0.808 0.655 0.366 0.229 0.94 0.803 0.514 0.377 0.088 0.967 0.678 0.541 0.252 0.115 0.826 0.689 0.4 0.247 0.958 0.821 0.532 0.395 0.106 0.969 0.68 0.559 0.27 0.133 0.844 0.707 0.418 0.281 0.992 0.839 0.55 0.413 0.124 0.987 0.698 0.561 0.272 0.151 0.862 0.725 0.436 0.299 0.01 0.873 0.584 
0.932 0.645 0.51 0.223 0.08 0.793 0.658 0.371 0.244 0.957 0.822 0.535 0.392 0.105 0.97 0.683 0.524 0.237 0.102 0.815 0.672 0.385 0.25 0.963 0.836 0.549 0.414 0.127 0.984 0.697 0.562 0.275 0.116 0.829 0.694 0.407 0.264 0.977 0.842 0.555 0.428 0.141 0.006 0.719 0.576 0.289 0.154 0.867 0.708 0.421 0.286 0.999 0.856 0.569 0.434 0.147 0.02 0.733 0.598 0.311 0.168 0.881 0.746 0.459 
0.805 0.516 0.383 0.094 0.953 0.664 0.531 0.242 0.117 0.828 0.695 0.406 0.265 0.976 0.843 0.554 0.397 0.108 0.975 0.686 0.545 0.256 0.123 0.834 0.709 0.42 0.287 0.998 0.857 0.568 0.435 0.146 0.989 0.7 0.567 0.278 0.137 0.848 0.715 0.426 0.301 0.012 0.879 0.59 0.449 0.16 0.027 0.738 0.581 0.292 0.159 0.87 0.729 0.44 0.307 0.018 0.893 0.604 0.471 0.182 0.041 0.752 0.619 0.33 
0.69 0.403 0.264 0.977 0.846 0.559 0.42 0.133 0.986 0.699 0.56 0.273 0.142 0.855 0.716 0.429 0.314 0.027 0.888 0.601 0.47 0.183 0.044 0.757 0.61 0.323 0.184 0.897 0.766 0.479 0.34 0.053 0.874 0.587 0.448 0.161 0.03 0.743 0.604 0.317 0.17 0.883 0.744 0.457 0.326 0.039 0.9 0.613 0.498 0.211 0.072 0.785 0.654 0.367 0.228 0.941 0.794 0.507 0.368 0.081 0.95 0.663 0.524 0.237 
0.563 0.274 0.137 0.848 0.719 0.43 0.293 0.004 0.859 0.57 0.433 0.144 0.015 0.726 0.589 0.3 0.187 0.898 0.761 0.472 0.343 0.054 0.917 0.628 0.483 0.194 0.057 0.768 0.639 0.35 0.213 0.924 0.747 0.458 0.321 0.032 0.903 0.614 0.477 0.188 0.043 0.754 0.617 0.328 0.199 0.91 0.773 0.484 0.371 0.082 0.945 0.656 0.527 0.238 0.101 0.812 0.667 0.378 0.241 0.952 0.823 0.534 0.397 0.108 
0.432 0.145 0.01 0.723 0.588 0.301 0.166 0.879 0.728 0.441 0.306 0.019 0.884 0.597 0.462 0.175 0.056 0.769 0.634 0.347 0.212 0.925 0.79 0.503 0.352 0.065 0.93 0.643 0.508 0.221 0.086 0.799 0.616 0.329 0.194 0.907 0.772 0.485 0.35 0.063 0.912 0.625 0.49 0.203 0.068 0.781 0.646 0.359 0.24 0.953 0.818 0.531 0.396 0.109 0.974 0.687 0.536 0.249 0.114 0.827 0.692 0.405 0.27 0.983 
0.305 0.016 0.883 0.594 0.461 0.172 0.039 0.75 0.601 0.312 0.179 0.89 0.757 0.468 0.335 0.046 0.929 0.64 0.507 0.218 0.085 0.796 0.663 0.374 0.225 0.936 0.803 0.514 0.381 0.092 0.959 0.67 0.489 0.2 0.067 0.778 0.645 0.356 0.223 0.934 0.785 0.496 0.363 0.074 0.941 0.652 0.519 0.23 0.113 0.824 0.691 0.402 0.269 0.98 0.847 0.558 0.409 0.12 0.987 0.698 0.565 0.276 0.143 0.854 
0.206 0.919 0.78 0.493 0.354 0.067 0.928 0.641 0.502 0.215 0.076 0.789 0.65 0.363 0.224 0.937 0.83 0.543 0.404 0.117 0.978 0.691 0.552 0.265 0.126 0.839 0.7 0.413 0.274 0.987 0.848 0.561 0.39 0.103 0.964 0.677 0.538 0.251 0.112 0.825 0.686 0.399 0.26 0.973 0.834 0.547 0.408 0.121 0.014 0.727 0.588 0.301 0.162 0.875 0.736 0.449 0.31 0.023 0.884 0.597 0.458 0.171 0.032 0.745 
0.079 0.79 0.653 0.364 0.227 0.938 0.801 0.512 0.375 0.086 0.949 0.66 0.523 0.234 0.097 0.808 0.703 0.414 0.277 0.988 0.851 0.562 0.425 0.136 0.999 0.71 0.573 0.284 0.147 0.858 0.721 0.432 0.263 0.974 0.837 0.548 0.411 0.122 0.985 0.696 0.559 0.27 0.133 0.844 0.707 0.418 0.281 0.992 0.887 0.598 0.461 0.172 0.035 0.746 0.609 0.32 0.183 0.894 0.757 0.468 0.331 0.042 0.905 0.616 
0.948 0.661 0.526 0.239 0.096 0.809 0.674 0.387 0.244 0.957 0.822 0.535 0.392 0.105 0.97 0.683 0.572 0.285 0.15 0.863 0.72 0.433 0.298 0.011 0.868 0.581 0.446 0.159 0.016 0.729 0.594 0.307 0.132 0.845 0.71 0.423 0.28 0.993 0.858 0.571 0.428 0.141 0.006 0.719 0.576 0.289 0.154 0.867 0.756 0.469 0.334 0.047 0.904 0.617 0.482 0.195 0.052 0.765 0.63 0.343 0.2 0.913 0.778 0.491 
0.821 0.532 0.399 0.11 0.969 0.68 0.547 0.258 0.117 0.828 0.695 0.406 0.265 0.976 0.843 0.554 0.445 0.156 0.023 0.734 0.593 0.304 0.171 0.882 0.741 0.452 0.319 0.03 0.889 0.6 0.467 0.178 0.005 0.716 0.583 0.294 0.153 0.864 0.731 0.442 0.301 0.012 0.879 0.59 0.449 0.16 0.027 0.738 0.629 0.34 0.207 0.918 0.777 0.488 0.355 0.066 0.925 0.636 0.503 0.214 0.073 0.784 0.651 0.362 
0.706 0.419 0.28 0.993 0.862 0.575 0.436 0.149 0.018 0.731 0.592 0.305 0.174 0.887 0.748 0.461 0.33 0.043 0.904 0.617 0.486 0.199 0.06 0.773 0.642 0.355 0.216 0.929 0.798 0.511 0.372 0.085 0.89 0.603 0.464 0.177 0.046 0.759 0.62 0.333 0.202 0.915 0.776 0.489 0.358 0.071 0.932 0.645 0.514 0.227 0.088 0.801 0.67 0.383 0.244 0.957 0.826 0.539 0.4 0.113 0.982 0.695 0.556 0.269 
0.579 0.29 0.153 0.864 0.735 0.446 0.309 0.02 0.891 0.602 0.465 0.176 0.047 0.758 0.621 0.332 0.203 0.914 0.777 0.488 0.359 0.07 0.933 0.644 0.515 0.226 0.089 0.8 0.671 0.382 0.245 0.956 0.763 0.474 0.337 0.048 0.919 0.63 0.493 0.204 0.075 0.786 0.649 0.36 0.231 0.942 0.805 0.516 0.387 0.098 0.961 0.672 0.543 0.254 0.117 0.828 0.699 0.41 0.273 0.984 0.855 0.566 0.429 0.14 
0.448 0.161 0.026 0.739 0.604 0.317 0.182 0.895 0.76 0.473 0.338 0.051 0.916 0.629 0.494 0.207 0.072 0.785 0.65 0.363 0.228 0.941 0.806 0.519 0.384 0.097 0.962 0.675 0.54 0.253 0.118 0.831 0.632 0.345 0.21 0.923 0.788 0.501 0.366 0.079 0.944 0.657 0.522 0.235 0.1 0.813 0.678 0.391 0.256 0.969 0.834 0.547 0.412 0.125 0.99 0.703 0.568 0.281 0.146 0.859 0.724 0.437 0.302 0.015 
0.321 0.032 0.899 0.61 0.477 0.188 0.055 0.766 0.633 0.344 0.211 0.922 0.789 0.5 0.367 0.078 0.945 0.656 0.523 0.234 0.101 0.812 0.679 0.39 0.257 0.968 0.835 0.546 0.413 0.124 0.991 0.702 0.505 0.216 0.083 0.794 0.661 0.372 0.239 0.95 0.817 0.528 0.395 0.106 0.973 0.684 0.551 0.262 0.129 0.84 0.707 0.418 0.285 0.996 0.863 0.574 0.441 0.152 0.019 0.73 0.597 0.308 0.175 0.886 
0.222 0.935 0.796 0.509 0.37 0.083 0.944 0.657 0.534 0.247 0.108 0.821 0.682 0.395 0.256 0.969 0.846 0.559 0.42 0.133 0.994 0.707 0.568 0.281 0.158 0.871 0.732 0.445 0.306 0.019 0.88 0.593 0.406 0.119 0.98 0.693 0.554 0.267 0.128 0.841 0.718 0.431 0.292 0.005 0.866 0.579 0.44 0.153 0.03 0.743 0.604 0.317 0.178 0.891 0.752 0.465 0.342 0.055 0.916 0.629 0.49 0.203 0.064 0.777 
0.095 0.806 0.669 0.38 0.243 0.954 0.817 0.528 0.407 0.118 0.981 0.692 0.555 0.266 0.129 0.84 0.719 0.43 0.293 0.004 0.867 0.578 0.441 0.152 0.031 0.742 0.605 0.316 0.179 0.89 0.753 0.464 0.279 0.99 0.853 0.564 0.427 0.138 0.001 0.712 0.591 0.302 0.165 0.876 0.739 0.45 0.313 0.024 0.903 0.614 0.477 0.188 0.051 0.762 0.625 0.336 0.215 0.926 0.789 0.5 0.363 0.074 0.937 0.648 
0.964 0.677 0.542 0.255 0.112 0.825 0.69 0.403 0.276 0.989 0.854 0.567 0.424 0.137 0.002 0.715 0.588 0.301 0.166 0.879 0.736 0.449 0.314 0.027 0.9 0.613 0.478 0.191 0.048 0.761 0.626 0.339 0.148 0.861 0.726 0.439 0.296 0.009 0.874 0.587 0.46 0.173 0.038 0.751 0.608 0.321 0.186 0.899 0.772 0.485 0.35 0.063 0.92 0.633 0.498 0.211 0.084 0.797 0.662 0.375 0.232 0.945 0.81 0.523 
0.837 0.548 0.415 0.126 0.985 0.696 0.563 0.274 0.149 0.86 0.727 0.438 0.297 0.008 0.875 0.586 0.461 0.172 0.039 0.75 0.609 0.32 0.187 0.898 0.773 0.484 0.351 0.062 0.921 0.632 0.499 0.21 0.021 0.732 0.599 0.31 0.169 0.88 0.747 0.458 0.333 0.044 0.911 0.622 0.481 0.192 0.059 0.77 0.645 0.356 0.223 0.934 0.793 0.504 0.371 0.082 0.957 0.668 0.535 0.246 0.105 0.816 0.683 0.394 
0.53 0.243 0.104 0.817 0.686 0.399 0.26 0.973 0.826 0.539 0.4 0.113 0.982 0.695 0.556 0.269 0.122 0.835 0.696 0.409 0.278 0.991 0.852 0.565 0.418 0.131 0.992 0.705 0.574 0.287 0.148 0.861 0.778 0.491 0.352 0.065 0.934 0.647 0.508 0.221 0.074 0.787 0.648 0.361 0.23 0.943 0.804 0.517 0.37 0.083 0.944 0.657 0.526 0.239 0.1 0.813 0.666 0.379 0.24 0.953 0.822 0.535 0.396 0.109 
0.403 0.114 0.977 0.688 0.559 0.27 0.133 0.844 0.699 0.41 0.273 0.984 0.855 0.566 0.429 0.14 0.995 0.706 0.569 0.28 0.151 0.862 0.725 0.436 0.291 0.002 0.865 0.576 0.447 0.158 0.021 0.732 0.651 0.362 0.225 0.936 0.807 0.518 0.381 0.092 0.947 0.658 0.521 0.232 0.103 0.814 0.677 0.388 0.243 0.954 0.817 0.528 0.399 0.11 0.973 0.684 0.539 0.25 0.113 0.824 0.695 0.406 0.269 0.98 
0.272 0.985 0.85 0.563 0.428 0.141 0.006 0.719 0.568 0.281 0.146 0.859 0.724 0.437 0.302 0.015 0.864 0.577 0.442 0.155 0.02 0.733 0.598 0.311 0.16 0.873 0.738 0.451 0.316 0.029 0.894 0.607 0.52 0.233 0.098 0.811 0.676 0.389 0.254 0.967 0.816 0.529 0.394 0.107 0.972 0.685 0.55 0.263 0.112 0.825 0.69 0.403 0.268 0.981 0.846 0.559 0.408 0.121 0.986 0.699 0.564 0.277 0.142 0.855 
0.145 0.856 0.723 0.434 0.301 0.012 0.879 0.59 0.441 0.152 0.019 0.73 0.597 0.308 0.175 0.886 0.737 0.448 0.315 0.026 0.893 0.604 0.471 0.182 0.033 0.744 0.611 0.322 0.189 0.9 0.767 0.478 0.393 0.104 0.971 0.682 0.549 0.26 0.127 0.838 0.689 0.4 0.267 0.978 0.845 0.556 0.423 0.134 0.985 0.696 0.563 0.274 0.141 0.852 0.719 0.43 0.281 0.992 0.859 0.57 0.437 0.148 0.015 0.726 
0.046 0.759 0.62 0.333 0.194 0.907 0.768 0.481 0.342 0.055 0.916 0.629 0.49 0.203 0.064 0.777 0.638 0.351 0.212 0.925 0.786 0.499 0.36 0.073 0.934 0.647 0.508 0.221 0.082 0.795 0.656 0.369 0.294 0.007 0.868 0.581 0.442 0.155 0.016 0.729 0.59 0.303 0.164 0.877 0.738 0.451 0.312 0.025 0.886 0.599 0.46 0.173 0.034 0.747 0.608 0.321 0.182 0.895 0.756 0.469 0.33 0.043 0.904 0.617 
0.919 0.63 0.493 0.204 0.067 0.778 0.641 0.352 0.215 0.926 0.789 0.5 0.363 0.074 0.937 0.648 0.511 0.222 0.085 0.796 0.659 0.37 0.233 0.944 0.807 0.518 0.381 0.092 0.955 0.666 0.529 0.24 0.167 0.878 0.741 0.452 0.315 0.026 0.889 0.6 0.463 0.174 0.037 0.748 0.611 0.322 0.185 0.896 0.759 0.47 0.333 0.044 0.907 0.618 0.481 0.192 0.055 0.766 0.629 0.34 0.203 0.914 0.777 0.488 
0.788 0.501 0.366 0.079 0.936 0.649 0.514 0.227 0.084 0.797 0.662 0.375 0.232 0.945 0.81 0.523 0.38 0.093 0.958 0.671 0.528 0.241 0.106 0.819 0.676 0.389 0.254 0.967 0.824 0.537 0.402 0.115 0.036 0.749 0.614 0.327 0.184 0.897 0.762 0.475 0.332 0.045 0.91 0.623 0.48 0.193 0.058 0.771 0.628 0.341 0.206 0.919 0.776 0.489 0.354 0.067 0.924 0.637 0.502 0.215 0.072 0.785 0.65 0.363 
0.661 0.372 0.239 0.95 0.809 0.52 0.387 0.098 0.957 0.668 0.535 0.246 0.105 0.816 0.683 0.394 0.253 0.964 0.831 0.542 0.401 0.112 0.979 0.69 0.549 0.26 0.127 0.838 0.697 0.408 0.275 0.986 0.909 0.62 0.487 0.198 0.057 0.768 0.635 0.346 0.205 0.916 0.783 0.494 0.353 0.064 0.931 0.642 0.501 0.212 0.079 0.79 0.649 0.36 0.227 0.938 0.797 0.508 0.375 0.086 0.945 0.656 0.523 0.234 
0.546 0.259 0.12 0.833 0.702 0.415 0.276 0.989 0.858 0.571 0.432 0.145 0.014 0.727 0.588 0.301 0.138 0.851 0.712 0.425 0.294 0.007 0.868 0.581 0.45 0.163 0.024 0.737 0.606 0.319 0.18 0.893 0.794 0.507 0.368 0.081 0.95 0.663 0.524 0.237 0.106 0.819 0.68 0.393 0.262 0.975 0.836 0.549 0.386 0.099 0.96 0.673 0.542 0.255 0.116 0.829 0.698 0.411 0.272 0.985 0.854 0.567 0.428 0.141 
0.419 0.13 0.993 0.704 0.575 0.286 0.149 0.86 0.731 0.442 0.305 0.016 0.887 0.598 0.461 0.172 0.011 0.722 0.585 0.296 0.167 0.878 0.741 0.452 0.323 0.034 0.897 0.608 0.479 0.19 0.053 0.764 0.667 0.378 0.241 0.952 0.823 0.534 0.397 0.108 0.979 0.69 0.553 0.264 0.135 0.846 0.709 0.42 0.259 0.97 0.833 0.544 0.415 0.126 0.989 0.7 0.571 0.282 0.145 0.856 0.727 0.438 0.301 0.012 
0.288 0.001 0.866 0.579 0.444 0.157 0.022 0.735 0.6 0.313 0.178 0.891 0.756 0.469 0.334 0.047 0.88 0.593 0.458 0.171 0.036 0.749 0.614 0.327 0.192 0.905 0.77 0.483 0.348 0.061 0.926 0.639 0.536 0.249 0.114 0.827 0.692 0.405 0.27 0.983 0.848 0.561 0.426 0.139 0.004 0.717 0.582 0.295 0.128 0.841 0.706 0.419 0.284 0.997 0.862 0.575 0.44 0.153 0.018 0.731 0.596 0.309 0.174 0.887 
0.161 0.872 0.739 0.45 0.317 0.028 0.895 0.606 0.473 0.184 0.051 0.762 0.629 0.34 0.207 0.918 0.753 0.464 0.331 0.042 0.909 0.62 0.487 0.198 0.065 0.776 0.643 0.354 0.221 0.932 0.799 0.51 0.409 0.12 0.987 0.698 0.565 0.276 0.143 0.854 0.721 0.432 0.299 0.01 0.877 0.588 0.455 0.166 0.001 0.712 0.579 0.29 0.157 0.868 0.735 0.446 0.313 0.024 0.891 0.602 0.469 0.18 0.047 0.758 
0.062 0.775 0.636 0.349 0.21 0.923 0.784 0.497 0.374 0.087 0.948 0.661 0.522 0.235 0.096 0.809 0.654 0.367 0.228 0.941 0.802 0.515 0.376 0.089 0.966 0.679 0.54 0.253 0.114 0.827 0.688 0.401 0.31 0.023 0.884 0.597 0.458 0.171 0.032 0.745 0.622 0.335 0.196 0.909 0.77 0.483 0.344 0.057 0.902 0.615 0.476 0.189 0.05 0.763 0.624 0.337 0.214 0.927 0.788 0.501 0.362 0.075 0.936 0.649 
0.935 0.646 0.509 0.22 0.083 0.794 0.657 0.368 0.247 0.958 0.821 0.532 0.395 0.106 0.969 0.68 0.527 0.238 0.101 0.812 0.675 0.386 0.249 0.96 0.839 0.55 0.413 0.124 0.987 0.698 0.561 0.272 0.183 0.894 0.757 0.468 0.331 0.042 0.905 0.616 0.495 0.206 0.069 0.78 0.643 0.354 0.217 0.928 0.775 0.486 0.349 0.06 0.923 0.634 0.497 0.208 0.087 0.798 0.661 0.372 0.235 0.946 0.809 0.52 
0.804 0.517 0.382 0.095 0.952 0.665 0.53 0.243 0.116 0.829 0.694 0.407 0.264 0.977 0.842 0.555 0.396 0.109 0.974 0.687 0.544 0.257 0.122 0.835 0.708 0.421 0.286 0.999 0.856 0.569 0.434 0.147 0.052 0.765 0.63 0.343 0.2 0.913 0.778 0.491 0.364 0.077 0.942 0.655 0.512 0.225 0.09 0.803 0.644 0.357 0.222 0.935 0.792 0.505 0.37 0.083 0.956 0.669 0.534 0.247 0.104 0.817 0.682 0.395 
0.677 0.388 0.255 0.966 0.825 0.536 0.403 0.114 0.989 0.7 0.567 0.278 0.137 0.848 0.715 0.426 0.269 0.98 0.847 0.558 0.417 0.128 0.995 0.706 0.581 0.292 0.159 0.87 0.729 0.44 0.307 0.018 0.925 0.636 0.503 0.214 0.073 0.784 0.651 0.362 0.237 0.948 0.815 0.526 0.385 0.096 0.963 0.674 0.517 0.228 0.095 0.806 0.665 0.376 0.243 0.954 0.829 0.54 0.407 0.118 0.977 0.688 0.555 0.266 
0.562 0.275 0.136 0.849 0.718 0.431 0.292 0.005 0.858 0.571 0.432 0.145 0.014 0.727 0.588 0.301 0.186 0.899 0.76 0.473 0.342 0.055 0.916 0.629 0.482 0.195 0.056 0.769 0.638 0.351 0.212 0.925 0.81 0.523 0.384 0.097 0.966 0.679 0.54 0.253 0.106 0.819 0.68 0.393 0.262 0.975 0.836 0.549 0.434 0.147 0.008 0.721 0.59 0.303 0.164 0.877 0.73 0.443 0.304 0.017 0.886 0.599 0.46 0.173 
0.435 0.146 0.009 0.72 0.591 0.302 0.165 0.876 0.731 0.442 0.305 0.016 0.887 0.598 0.461 0.172 0.059 0.77 0.633 0.344 0.215 0.926 0.789 0.5 0.355 0.066 0.929 0.64 0.511 0.222 0.085 0.796 0.683 0.394 0.257 0.968 0.839 0.55 0.413 0.124 0.979 0.69 0.553 0.264 0.135 0.846 0.709 0.42 0.307 0.018 0.881 0.592 0.463 0.174 0.037 0.748 0.603 0.314 0.177 0.888 0.759 0.47 0.333 0.044 
0.304 0.017 0.882 0.595 0.46 0.173 0.038 0.751 0.6 0.313 0.178 0.891 0.756 0.469 0.334 0.047 0.928 0.641 0.506 0.219 0.084 0.797 0.662 0.375 0.224 0.937 0.802 0.515 0.38 0.093 0.958 0.671 0.552 0.265 0.13 0.843 0.708 0.421 0.286 0.999 0.848 0.561 0.426 0.139 0.004 0.717 0.582 0.295 0.176 0.889 0.754 0.467 0.332 0.045 0.91 0.623 0.472 0.185 0.05 0.763 0.628 0.341 0.206 0.919 
0.177 0.888 0.755 0.466 0.333 0.044 0.911 0.622 0.473 0.184 0.051 0.762 0.629 0.34 0.207 0.918 0.801 0.512 0.379 0.09 0.957 0.668 0.535 0.246 0.097 0.808 0.675 0.386 0.253 0.964 0.831 0.542 0.425 0.136 0.003 0.714 0.581 0.292 0.159 0.87 0.721 0.432 0.299 0.01 0.877 0.588 0.455 0.166 0.049 0.76 0.627 0.338 0.205 0.916 0.783 0.494 0.345 0.056 0.923 0.634 0.501 0.212 0.079 0.79 
0.078 0.791 0.652 0.365 0.226 0.939 0.8 0.513 0.374 0.087 0.948 0.661 0.522 0.235 0.096 0.809 0.702 0.415 0.276 0.989 0.85 0.563 0.424 0.137 0.998 0.711 0.572 0.285 0.146 0.859 0.72 0.433 0.326 0.039 0.9 0.613 0.474 0.187 0.048 0.761 0.622 0.335 0.196 0.909 0.77 0.483 0.344 0.057 0.95 0.663 0.524 0.237 0.098 0.811 0.672 0.385 0.246 0.959 0.82 0.533 0.394 0.107 0.968 0.681 
0.951 0.662 0.525 0.236 0.099 0.81 0.673 0.384 0.247 0.958 0.821 0.532 0.395 0.106 0.969 0.68 0.575 0.286 0.149 0.86 0.723 0.434 0.297 0.008 0.871 0.582 0.445 0.156 0.019 0.73 0.593 0.304 0.199 0.91 0.773 0.484 0.347 0.058 0.921 0.632 0.495 0.206 0.069 0.78 0.643 0.354 0.217 0.928 0.823 0.534 0.397 0.108 0.971 0.682 0.545 0.256 0.119 0.83 0.693 0.404 0.267 0.978 0.841 0.552 
0.82 0.533 0.398 0.111 0.968 0.681 0.546 0.259 0.116 0.829 0.694 0.407 0.264 0.977 0.842 0.555 0.444 0.157 0.022 0.735 0.592 0.305 0.17 0.883 0.74 0.453 0.318 0.031 0.888 0.601 0.466 0.179 0.068 0.781 0.646 0.359 0.216 0.929 0.794 0.507 0.364 0.077 0.942 0.655 0.512 0.225 0.09 0.803 0.692 0.405 0.27 0.983 0.84 0.553 0.418 0.131 0.988 0.701 0.566 0.279 0.136 0.849 0.714 0.427 
0.693 0.404 0.271 0.982 0.841 0.552 0.419 0.13 0.989 0.7 0.567 0.278 0.137 0.848 0.715 0.426 0.317 0.028 0.895 0.606 0.465 0.176 0.043 0.754 0.613 0.324 0.191 0.902 0.761 0.472 0.339 0.05 0.941 0.652 0.519 0.23 0.089 0.8 0.667 0.378 0.237 0.948 0.815 0.526 0.385 0.096 0.963 0.674 0.565 0.276 0.143 0.854 0.713 0.424 0.291 0.002 0.861 0.572 0.439 0.15 0.009 0.72 0.587 0.298 
0.578 0.291 0.152 0.865 0.734 0.447 0.308 0.021 0.89 0.603 0.464 0.177 0.046 0.759 0.62 0.333 0.202 0.915 0.776 0.489 0.358 0.071 0.932 0.645 0.514 0.227 0.088 0.801 0.67 0.383 0.244 0.957 0.826 0.539 0.4 0.113 0.982 0.695 0.556 0.269 0.138 0.851 0.712 0.425 0.294 0.007 0.868 0.581 0.45 0.163 0.024 0.737 0.606 0.319 0.18 0.893 0.762 0.475 0.336 0.049 0.918 0.631 0.492 0.205 
0.451 0.162 0.025 0.736 0.607 0.318 0.181 0.892 0.763 0.474 0.337 0.048 0.919 0.63 0.493 0.204 0.075 0.786 0.649 0.36 0.231 0.942 0.805 0.516 0.387 0.098 0.961 0.672 0.543 0.254 0.117 0.828 0.699 0.41 0.273 0.984 0.855 0.566 0.429 0.14 0.011 0.722 0.585 0.296 0.167 0.878 0.741 0.452 0.323 0.034 0.897 0.608 0.479 0.19 0.053 0.764 0.635 0.346 0.209 0.92 0.791 0.502 0.365 0.076 
0.32 0.033 0.898 0.611 0.476 0.189 0.054 0.767 0.632 0.345 0.21 0.923 0.788 0.501 0.366 0.079 0.944 0.657 0.522 0.235 0.1 0.813 0.678 0.391 0.256 0.969 0.834 0.547 0.412 0.125 0.99 0.703 0.568 0.281 0.146 0.859 0.724 0.437 0.302 0.015 0.88 0.593 0.458 0.171 0.036 0.749 0.614 0.327 0.192 0.905 0.77 0.483 0.348 0.061 0.926 0.639 0.504 0.217 0.082 0.795 0.66 0.373 0.238 0.951 
0.193 0.904 0.771 0.482 0.349 0.06 0.927 0.638 0.505 0.216 0.083 0.794 0.661 0.372 0.239 0.95 0.817 0.528 0.395 0.106 0.973 0.684 0.551 0.262 0.129 0.84 0.707 0.418 0.285 0.996 0.863 0.574 0.441 0.152 0.019 0.73 0.597 0.308 0.175 0.886 0.753 0.464 0.331 0.042 0.909 0.62 0.487 0.198 0.065 0.776 0.643 0.354 0.221 0.932 0.799 0.51 0.377 0.088 0.955 0.666 0.533 0.244 0.111 0.822 
0.094 0.807 0.668 0.381 0.242 0.955 0.816 0.529 0.406 0.119 0.98 0.693 0.554 0.267 0.128 0.841 0.718 0.431 0.292 0.005 0.866 0.579 0.44 0.153 0.03 0.743 0.604 0.317 0.178 0.891 0.752 0.465 0.342 0.055 0.916 0.629 0.49 0.203 0.064 0.777 0.654 0.367 0.228 0.941 0.802 0.515 0.376 0.089 0.966 0.679 0.54 0.253 0.114 0.827 0.688 0.401 0.278 0.991 0.852 0.565 0.426 0.139 0 0.713 
0.967 0.678 0.541 0.252 0.115 0.826 0.689 0.4 0.279 0.99 0.853 0.564 0.427 0.138 0.001 0.712 0.591 0.302 0.165 0.876 0.739 0.45 0.313 0.024 0.903 0.614 0.477 0.188 0.051 0.762 0.625 0.336 0.215 0.926 0.789 0.5 0.363 0.074 0.937 0.648 0.527 0.238 0.101 0.812 0.675 0.386 0.249 0.96 0.839 0.55 0.413 0.124 0.987 0.698 0.561 0.272 0.151 0.862 0.725 0.436 0.299 0.01 0.873 0.584 
0.836 0.549 0.414 0.127 0.984 0.697 0.562 0.275 0.148 0.861 0.726 0.439 0.296 0.009 0.874 0.587 0.46 0.173 0.038 0.751 0.608 0.321 0.186 0.899 0.772 0.485 0.35 0.063 0.92 0.633 0.498 0.211 0.084 0.797 0.662 0.375 0.232 0.945 0.81 0.523 0.396 0.109 0.974 0.687 0.544 0.257 0.122 0.835 0.708 0.421 0.286 0.999 0.856 0.569 0.434 0.147 0.02 0.733 0.598 0.311 0.168 0.881 0.746 0.459 
0.709 0.42 0.287 0.998 0.857 0.568 0.435 0.146 0.021 0.732 0.599 0.31 0.169 0.88 0.747 0.458 0.333 0.044 0.911 0.622 0.481 0.192 0.059 0.77 0.645 0.356 0.223 0.934 0.793 0.504 0.371 0.082 0.957 0.668 0.535 0.246 0.105 0.816 0.683 0.394 0.269 0.98 0.847 0.558 0.417 0.128 0.995 0.706 0.581 0.292 0.159 0.87 0.729 0.44 0.307 0.018 0.893 0.604 0.471 0.182 0.041 0.752 0.619 0.33 
