10 10
0.058 0.347 0.632 0.921 0.214 0.503 0.788 0.077 0.354 0.643 
0.187 0.474 0.761 0.048 0.343 0.63 0.917 0.204 0.483 0.77 
0.312 0.601 0.89 0.179 0.468 0.757 0.046 0.335 0.608 0.897 
0.441 0.728 0.019 0.306 0.597 0.884 0.175 0.462 0.737 0.024 
0.574 0.863 0.148 0.437 0.722 0.011 0.296 0.585 0.87 0.159 
0.703 0.99 0.277 0.564 0.851 0.138 0.425 0.712 0.999 0.286 
0.828 0.117 0.406 0.695 0.976 0.265 0.554 0.843 0.124 0.413 
0.957 0.244 0.535 0.822 0.105 0.392 0.683 0.97 0.253 0.54 
0.074 0.363 0.648 0.937 0.23 0.519 0.804 0.093 0.386 0.675 
0.203 0.49 0.777 0.064 0.359 0.646 0.933 0.22 0.515 0.802 
