10 10
   0.30895    0.40106    0.24032    0.36651    0.31128    0.37266    0.32483    0.32020    0.40893    0.24757 
   0.46356    0.52466    0.48212    0.36870    0.43371    0.60063    0.59935    0.48067    0.53671    0.49271 
   0.47199    0.61169    0.40406    0.51791    0.48603    0.60075    0.51457    0.48983    0.62436    0.41568 
   0.34427    0.59768    0.34070    0.33955    0.47787    0.58259    0.46402    0.36067    0.60777    0.34989 
   0.30149    0.44872    0.27388    0.22258    0.40044    0.45520    0.33437    0.31410    0.45686    0.28094 
   0.71349    0.83239    0.50963    0.61427    0.69759    0.74949    0.69841    0.73600    0.84662    0.52196 
   0.45747    0.55147    0.52350    0.51905    0.43583    0.63191    0.64725    0.47649    0.56599    0.53738 
   0.57220    0.62682    0.35616    0.47924    0.54007    0.54820    0.49162    0.58873    0.63712    0.36477 
   0.20468    0.28503    0.17646    0.19345    0.24100    0.25213    0.24050    0.21242    0.28989    0.18104 
   0.34310    0.52675    0.35149    0.28010    0.43423    0.52848    0.43496    0.35812    0.53658    0.36041 
