10 10
   0.00000    0.00000    0.00000    0.00000    0.00000    0.00000    0.00000    0.00000    0.00000    0.00000 
   0.29762    0.42844    0.10443    0.23525    0.36836    0.16469    0.17517    0.30599    0.43375    0.11108 
   0.04618    0.06530    0.01800    0.03712    0.05650    0.00946    0.02832    0.04744    0.06576    0.01872 
   0.47899    0.47729    0.18019    0.36783    0.60438    0.27319    0.25843    0.49322    0.49203    0.19380 
   0.30996    0.48207    0.05613    0.22823    0.40139    0.20896    0.14756    0.31966    0.49072    0.06478 
   0.00000    0.00000    0.00000    0.00000    0.00000    0.00000    0.00000    0.00000    0.00000    0.00000 
   0.00000    0.00000    0.00000    0.00000    0.00000    0.00000    0.00000    0.00000    0.00000    0.00000 
   0.26813    0.12455    0.15439    0.27896    0.33527    0.19170    0.22154    0.27602    0.13540    0.16417 
   0.04210    0.10895    0.17487    0.01041    0.07633    0.14318    0.20910    0.04464    0.11427    0.18112 
   0.00000    0.00000    0.00000    0.00000    0.00000    0.00000    0.00000    0.00000    0.00000    0.00000 
