10 10
   0.69731    0.43644    0.42232    0.46166    0.33629    0.57419    0.45042    0.34466    0.47230    0.71020 
   0.67698    0.35234    0.49629    0.80984    0.65915    0.52689    0.37264    0.68644    0.82348    0.69122 
   0.39896    0.69118    0.53838    0.71502    0.56618    0.51753    0.70560    0.38846    0.72762    0.41049 
   0.67662    0.78735    0.61282    0.60519    0.43002    0.50177    0.80415    0.79652    0.61772    0.68947 
   0.54959    0.54301    0.39361    0.78327    0.63886    0.40421    0.55930    0.56770    0.79944    0.56479 
   0.65470    0.50872    0.35530    0.48716    0.82612    0.68015    0.52673    0.60265    0.50400    0.66920 
   0.73664    0.78439    0.57610    1.17517    0.97521    0.53397    0.32568    1.04780    1.19357    0.75233 
   0.92389    0.48790    0.54513    1.05578    1.15761    0.72162    0.51501    0.80732    1.08381    0.95112 
   0.19722    0.75693    0.64443    0.40464    0.29188    0.20804    0.32128    0.53130    0.41134    0.20356 
   0.31153    0.29149    0.21236    0.47673    0.40105    0.23539    0.19177    0.25069    0.48880    0.32314 
