10 10
   0.47557    0.67311    0.52021    0.78930    0.64108    0.38678    0.33038    0.71196    0.80212    0.48680 
   0.54978    0.70241    0.63223    0.83540    0.66767    0.49831    0.49557    0.70927    0.84933    0.56297 
   0.64071    0.57993    0.46772    0.61813    0.59969    0.55506    0.53724    0.55039    0.63289    0.65527 
   0.77931    0.72079    0.58056    1.13469    0.93410    0.57714    0.51915    0.91834    1.15514    0.79819 
   0.51511    0.62644    0.56812    0.74129    0.59091    0.41153    0.43673    0.67479    0.75454    0.52790 
   0.73865    0.47469    0.44233    0.82668    0.90083    0.60602    0.45187    0.62751    0.84901    0.76011 
   0.94523    0.76612    0.71327    0.92227    0.70910    0.73316    0.76117    0.86247    0.94108    0.96514 
   0.62527    0.83070    0.71675    0.92540    0.82749    0.56506    0.58635    0.71997    0.94606    0.64502 
   0.53315    0.56490    0.42699    0.54704    0.47126    0.41835    0.56368    0.59467    0.55900    0.54466 
   0.19191    0.37819    0.30911    0.27670    0.20804    0.16219    0.23173    0.30421    0.28215    0.19719 
