10 10
   0.00000    0.00000    0.00000    0.00000    0.00000    0.00000    0.00000    0.00000    0.00000    0.00000 
   0.04950    0.08743    0.07092    0.03148    0.06937    0.06749    0.09079    0.05135    0.08984    0.07380 
   0.00279    0.00721    0.01157    0.00069    0.00505    0.00947    0.01383    0.00295    0.00756    0.01198 
   0.12592    0.11875    0.04990    0.10014    0.15874    0.07365    0.07156    0.12966    0.12274    0.05357 
   0.00000    0.00000    0.00000    0.00000    0.00000    0.00000    0.00000    0.00000    0.00000    0.00000 
   0.00000    0.00000    0.00000    0.00000    0.00000    0.00000    0.00000    0.00000    0.00000    0.00000 
   0.00000    0.00000    0.00000    0.00000    0.00000    0.00000    0.00000    0.00000    0.00000    0.00000 
   0.15695    0.16902    0.05832    0.12117    0.19735    0.08903    0.08608    0.16157    0.17349    0.06261 
   0.07170    0.11151    0.01298    0.05279    0.09285    0.04833    0.03413    0.07394    0.11351    0.01498 
   0.00000    0.00000    0.00000    0.00000    0.00000    0.00000    0.00000    0.00000    0.00000    0.00000 
